-1.749958970588235130e-01 -1.422514999999999752e-01 3.182118264705881217e+00
-1.657168970588235313e-01 -8.745849999999998070e-02 3.186478264705881358e+00
-1.578048970588235567e-01 -3.706549999999997347e-02 3.190362264705880690e+00
-1.461938970588235187e-01 9.430500000000036076e-03 3.196720264705881220e+00
-1.363898970588235393e-01 6.177750000000004071e-02 3.187260264705881418e+00
-1.150398970588235315e-01 1.067215000000000247e-01 3.146095264705881078e+00
-9.429689705882353390e-02 1.438075000000000325e-01 3.097821264705880928e+00
-6.590189705882353033e-02 1.714535000000000364e-01 3.046801264705881529e+00
-1.003289705882353007e-02 1.913815000000000377e-01 3.020528264705880872e+00
5.528310294117647072e-02 1.800155000000000505e-01 3.033636264705880770e+00
1.061471029411764633e-01 1.547725000000000350e-01 3.065823264705881179e+00
1.441731029411764675e-01 1.301805000000000323e-01 3.093274264705881293e+00
1.789781029411764424e-01 9.024250000000000327e-02 3.106993264705881330e+00
2.003381029411764880e-01 4.090050000000003405e-02 3.106300264705881276e+00
2.129841029411764786e-01 -1.986499999999974397e-03 3.091864264705881382e+00
2.248881029411764487e-01 -4.943349999999996358e-02 3.086024264705881315e+00
2.317211029411764822e-01 -1.045394999999999797e-01 3.085023264705880841e+00
-1.439928970588235102e-01 -1.562494999999999856e-01 3.014971264705881282e+00
-1.233048970588235260e-01 -1.665304999999999702e-01 2.978027264705881194e+00
-9.969089705882352992e-02 -1.683844999999999648e-01 2.959304264705880705e+00
-7.365689705882352833e-02 -1.653084999999999694e-01 2.948828264705880997e+00
-5.106389705882353330e-02 -1.549544999999999673e-01 2.944215264705881019e+00
4.374310294117646908e-02 -1.466574999999999684e-01 2.929077264705880701e+00
6.888510294117647370e-02 -1.543984999999999663e-01 2.932146264705880689e+00
9.740410294117646250e-02 -1.561984999999999624e-01 2.933953264705881026e+00
1.315081029411764857e-01 -1.527774999999999828e-01 2.946040264705881206e+00
1.585201029411764662e-01 -1.396324999999999927e-01 2.965632264705881482e+00
-7.907897058823529918e-03 -9.247749999999997639e-02 2.934213264705880952e+00
-1.151989705882353054e-02 -5.289949999999998820e-02 2.917562264705881425e+00
-1.489789705882353134e-02 -1.678049999999997599e-02 2.905608264705881183e+00
-1.876689705882353051e-02 1.308750000000002967e-02 2.901294264705881254e+00
-4.072089705882353527e-02 2.382750000000002921e-02 2.959961264705881057e+00
-2.960789705882353046e-02 3.236350000000001725e-02 2.953616264705881456e+00
-1.229589705882353119e-02 3.764650000000002716e-02 2.949657264705881410e+00
4.610102941176467961e-03 3.501550000000003271e-02 2.943093264705881396e+00
2.067010294117646585e-02 3.174350000000003558e-02 2.950079264705880888e+00
-1.098288970588235242e-01 -1.127524999999999777e-01 2.997800264705881013e+00
-9.511489705882353318e-02 -1.171094999999999775e-01 2.978996264705880748e+00
-7.142589705882353146e-02 -1.147934999999999789e-01 2.974793264705881235e+00
-5.096389705882353044e-02 -1.019734999999999808e-01 2.978184264705880935e+00
-7.020689705882353360e-02 -9.850749999999997009e-02 2.980221264705881445e+00
-9.169489705882352681e-02 -1.013134999999999730e-01 2.992095264705881164e+00
4.683410294117647255e-02 -9.904449999999997978e-02 2.964778264705881128e+00
7.092310294117647185e-02 -1.047284999999999744e-01 2.955093264705880962e+00
9.475910294117646793e-02 -1.038524999999999726e-01 2.956299264705880780e+00
1.136221029411764727e-01 -9.846849999999997272e-02 2.963942264705881513e+00
9.491710294117647329e-02 -8.923049999999997650e-02 2.961290264705881192e+00
6.682410294117646643e-02 -8.976549999999997032e-02 2.955751264705881454e+00
-6.529089705882352990e-02 8.611350000000000948e-02 3.009020264705880798e+00
-5.019889705882352865e-02 8.428350000000001119e-02 2.975986264705881013e+00
-2.734989705882353087e-02 8.376650000000002150e-02 2.951984264705880712e+00
-1.454089705882352992e-02 8.625650000000001372e-02 2.951353264705881330e+00
3.591102941176468888e-03 8.405250000000002997e-02 2.955353264705880889e+00
3.019210294117646853e-02 8.878750000000001918e-02 2.960834264705881402e+00
6.172010294117646900e-02 9.618150000000003086e-02 2.990527264705881372e+00
3.239410294117647110e-02 1.075415000000000121e-01 2.965249264705881238e+00
8.921102941176470291e-03 1.148585000000000300e-01 2.964963264705881230e+00
-1.414889705882352994e-02 1.167755000000000321e-01 2.962712264705881005e+00
-3.253089705882353244e-02 1.147965000000000235e-01 2.968982264705880780e+00
-4.788389705882353103e-02 1.044645000000000157e-01 2.986104264705881306e+00
-6.381789705882352781e-02 8.622150000000000647e-02 3.008641264705881113e+00
-2.885289705882353173e-02 9.492050000000001875e-02 2.971416264705880828e+00
-1.045389705882353130e-02 9.690650000000000652e-02 2.965152264705881002e+00
9.064102941176467587e-03 9.833950000000002412e-02 2.970884264705881073e+00
5.647210294117646634e-02 9.562049999999999716e-02 2.992537264705880773e+00
8.688102941176469723e-03 9.453150000000004605e-02 2.968360264705880880e+00
-1.114089705882353142e-02 9.536150000000004345e-02 2.962014264705881139e+00
-2.953089705882352978e-02 9.337750000000000217e-02 2.968273264705881154e+00
